    0.6497    1.7818
    1.6068    1.0395
    1.9584    0.6588
    1.8344    0.3428
    0.9730    0.8138
    0.6096    1.4670
    0.0519   -0.1745
    1.0918    0.9471
    1.7432    1.6060
    0.7359   -0.1005
    0.8657    1.5185
    1.4774    1.5292
    1.6692    0.3167
   -0.0975   -0.1654
    1.1549    1.3355
    1.1517    1.6261
    0.8829    1.4484
    1.6915    1.5909
    0.7179    0.0843
    0.3600    1.4522
    1.2138    0.5507
    1.3562    0.5652
    0.8315   -0.2052
    1.6167    1.8522
   -0.1759    1.1356
    0.1674    1.7774
   -1.3797    2.1704
    1.4039    0.1191
    0.2324    1.4981
    0.8039    0.9901
    4.7082    4.5146
    4.8580    3.4560
    4.6355    4.3883
    3.3667    4.4185
    3.9020    4.7674
    4.2046    4.7664
    6.4466    3.4664
    4.9501    3.3363
    5.7976    4.0375
    4.3211    3.4850
    4.1641    5.1253
    4.4750    5.0688
    3.5912    4.0737
    4.9617    3.6691
    3.8779    4.3957
    2.9360    3.4917
    4.6745    3.9032
    2.7850    3.5891
    2.5714    4.0818
    4.2234    4.8740
    3.2634    4.5751
    3.2945    4.8858
    3.8746    3.2915
    3.6213    4.1393
    3.8274    3.2383
    4.2107    4.2981
    3.0949    4.2523
    3.0517    5.0041
    2.3738    4.8515
    3.6977    4.5060
    6.6088    6.2686
    6.6313    6.4801
    5.4109    7.4467
    6.6527    5.3844
    5.7984    7.1828
    7.7202    6.3970
    7.6986    7.8517
    7.1071    6.3373
    6.7069    7.0059
    7.1108    6.2737
    8.2433    6.4721
    8.0450    6.7985
    6.6526    6.8228
    7.1305    6.5935
    6.1321    7.8740
    7.3104    7.4261
    7.5725    8.4370
    7.6972    6.7852
    5.8139    7.8262
    7.3909    5.3739
    6.3306    7.4946
    6.7083    7.2877
    7.6104    6.7102
    7.2310    7.5386
    6.8732    7.6798
    7.4700    7.8006
    8.2661    7.3252
    6.5170    7.4656
    5.9542    6.4779
    6.0997    6.1517